---------Specs: 
filename: img/cube.smf
isParallelProjection: 1
PRP: -4, 0, 5, 1
VRP: 0, 0, 0, 1
VUP: 0, 1, 0, 1
VPN: 1, 0, -0.5, 1
viewPort: 0, 0, 500, 500
world: 0, 0, 500, 500
VRC: -1, -1, 1, 1
F: 1

transformedMatrix: 
[ 0.268328 0 -1.2522 0 ]
[ 0 1 0 0 ]
[ 0.149071 0 -0.0745356 -0.166667 ]
[ 0 0 0 1 ]


-----tri before: 
-0.5, -0.5, -0.5, 1
0.5, 0.5, -0.5, 1
0.5, -0.5, -0.5, 1
-----

-----tri transformedMatrix: 
-0.192646, -0.461538, 0.612339, 1.08333
0.0550417, 0.461538, -0.543537, 1.08333
0.0550417, -0.461538, -0.543537, 1.08333
-----
d: -0.5
[ 1 0 0 0 ]
[ 0 1 0 0 ]
[ 0 0 0 0 ]
[ 0 0 0 1 ]

[ 1 0 0 0 ]
[ 0 1 0 0 ]
[ 0 0 1 1 ]
[ 0 0 -2 0 ]


-----p before: -0.192646, -0.461538, 0.612339, 1.08333
p after M: -0.177827, -0.426035, 0, 1.08333

p after scale:: 205.954, 143.778, 0, 1.08333
points: 206, 144

-----p before: 0.0550417, 0.461538, -0.543537, 1.08333
p after M: 0.0508077, 0.426035, 0, 1.08333

p after scale:: 263.227, 357.222, 0, 1.08333
points: 263, 357

-----p before: 0.0550417, -0.461538, -0.543537, 1.08333
p after M: 0.0508077, -0.426035, 0, 1.08333

p after scale:: 263.227, 143.778, 0, 1.08333
points: 263, 144

-----tri before: 
-0.5, -0.5, -0.5, 1
-0.5, 0.5, -0.5, 1
0.5, 0.5, -0.5, 1
-----

-----tri transformedMatrix: 
-0.192646, -0.461538, 0.612339, 1.08333
-0.192646, 0.461538, 0.612339, 1.08333
0.0550417, 0.461538, -0.543537, 1.08333
-----
d: -0.5
[ 1 0 0 0 ]
[ 0 1 0 0 ]
[ 0 0 0 0 ]
[ 0 0 0 1 ]

[ 1 0 0 0 ]
[ 0 1 0 0 ]
[ 0 0 1 1 ]
[ 0 0 -2 0 ]


-----p before: -0.192646, -0.461538, 0.612339, 1.08333
p after M: -0.177827, -0.426035, 0, 1.08333

p after scale:: 205.954, 143.778, 0, 1.08333
points: 206, 144

-----p before: -0.192646, 0.461538, 0.612339, 1.08333
p after M: -0.177827, 0.426035, 0, 1.08333

p after scale:: 205.954, 357.222, 0, 1.08333
points: 206, 357

-----p before: 0.0550417, 0.461538, -0.543537, 1.08333
p after M: 0.0508077, 0.426035, 0, 1.08333

p after scale:: 263.227, 357.222, 0, 1.08333
points: 263, 357

-----tri before: 
-0.5, 0.5, 0.5, 1
0.5, -0.5, 0.5, 1
0.5, 0.5, 0.5, 1
-----

-----tri transformedMatrix: 
-0.0650492, 0.545455, 0.642361, 0.916667
0.227672, -0.545455, -0.723673, 0.916667
0.227672, 0.545455, -0.723673, 0.916667
-----
d: -0.5
[ 1 0 0 0 ]
[ 0 1 0 0 ]
[ 0 0 0 0 ]
[ 0 0 0 1 ]

[ 1 0 0 0 ]
[ 0 1 0 0 ]
[ 0 0 1 1 ]
[ 0 0 -2 0 ]


-----p before: -0.0650492, 0.545455, 0.642361, 0.916667
p after M: -0.0709628, 0.595041, 0, 0.916667

p after scale:: 232.724, 399.558, 0, 0.916667
points: 233, 400

-----p before: 0.227672, -0.545455, -0.723673, 0.916667
p after M: 0.24837, -0.595041, 0, 0.916667

p after scale:: 312.717, 101.442, 0, 0.916667
points: 313, 101

-----p before: 0.227672, 0.545455, -0.723673, 0.916667
p after M: 0.24837, 0.595041, 0, 0.916667

p after scale:: 312.717, 399.558, 0, 0.916667
points: 313, 400

-----tri before: 
-0.5, 0.5, 0.5, 1
-0.5, -0.5, 0.5, 1
0.5, -0.5, 0.5, 1
-----

-----tri transformedMatrix: 
-0.0650492, 0.545455, 0.642361, 0.916667
-0.0650492, -0.545455, 0.642361, 0.916667
0.227672, -0.545455, -0.723673, 0.916667
-----
d: -0.5
[ 1 0 0 0 ]
[ 0 1 0 0 ]
[ 0 0 0 0 ]
[ 0 0 0 1 ]

[ 1 0 0 0 ]
[ 0 1 0 0 ]
[ 0 0 1 1 ]
[ 0 0 -2 0 ]


-----p before: -0.0650492, 0.545455, 0.642361, 0.916667
p after M: -0.0709628, 0.595041, 0, 0.916667

p after scale:: 232.724, 399.558, 0, 0.916667
points: 233, 400

-----p before: -0.0650492, -0.545455, 0.642361, 0.916667
p after M: -0.0709628, -0.595041, 0, 0.916667

p after scale:: 232.724, 101.442, 0, 0.916667
points: 233, 101

-----p before: 0.227672, -0.545455, -0.723673, 0.916667
p after M: 0.24837, -0.595041, 0, 0.916667

p after scale:: 312.717, 101.442, 0, 0.916667
points: 313, 101

-----tri before: 
-0.5, -0.5, -0.5, 1
-0.5, 0.5, 0.5, 1
-0.5, 0.5, -0.5, 1
-----

-----tri transformedMatrix: 
-0.192646, -0.461538, 0.612339, 1.08333
-0.0650492, 0.545455, 0.642361, 0.916667
-0.192646, 0.461538, 0.612339, 1.08333
-----
d: -0.5
[ 1 0 0 0 ]
[ 0 1 0 0 ]
[ 0 0 0 0 ]
[ 0 0 0 1 ]

[ 1 0 0 0 ]
[ 0 1 0 0 ]
[ 0 0 1 1 ]
[ 0 0 -2 0 ]


-----p before: -0.192646, -0.461538, 0.612339, 1.08333
p after M: -0.177827, -0.426035, 0, 1.08333

p after scale:: 205.954, 143.778, 0, 1.08333
points: 206, 144

-----p before: -0.0650492, 0.545455, 0.642361, 0.916667
p after M: -0.0709628, 0.595041, 0, 0.916667

p after scale:: 232.724, 399.558, 0, 0.916667
points: 233, 400

-----p before: -0.192646, 0.461538, 0.612339, 1.08333
p after M: -0.177827, 0.426035, 0, 1.08333

p after scale:: 205.954, 357.222, 0, 1.08333
points: 206, 357

-----tri before: 
-0.5, -0.5, -0.5, 1
-0.5, -0.5, 0.5, 1
-0.5, 0.5, 0.5, 1
-----

-----tri transformedMatrix: 
-0.192646, -0.461538, 0.612339, 1.08333
-0.0650492, -0.545455, 0.642361, 0.916667
-0.0650492, 0.545455, 0.642361, 0.916667
-----
d: -0.5
[ 1 0 0 0 ]
[ 0 1 0 0 ]
[ 0 0 0 0 ]
[ 0 0 0 1 ]

[ 1 0 0 0 ]
[ 0 1 0 0 ]
[ 0 0 1 1 ]
[ 0 0 -2 0 ]


-----p before: -0.192646, -0.461538, 0.612339, 1.08333
p after M: -0.177827, -0.426035, 0, 1.08333

p after scale:: 205.954, 143.778, 0, 1.08333
points: 206, 144

-----p before: -0.0650492, -0.545455, 0.642361, 0.916667
p after M: -0.0709628, -0.595041, 0, 0.916667

p after scale:: 232.724, 101.442, 0, 0.916667
points: 233, 101

-----p before: -0.0650492, 0.545455, 0.642361, 0.916667
p after M: -0.0709628, 0.595041, 0, 0.916667

p after scale:: 232.724, 399.558, 0, 0.916667
points: 233, 400

-----tri before: 
0.5, -0.5, -0.5, 1
0.5, 0.5, 0.5, 1
0.5, -0.5, 0.5, 1
-----

-----tri transformedMatrix: 
0.0550417, -0.461538, -0.543537, 1.08333
0.227672, 0.545455, -0.723673, 0.916667
0.227672, -0.545455, -0.723673, 0.916667
-----
d: -0.5
[ 1 0 0 0 ]
[ 0 1 0 0 ]
[ 0 0 0 0 ]
[ 0 0 0 1 ]

[ 1 0 0 0 ]
[ 0 1 0 0 ]
[ 0 0 1 1 ]
[ 0 0 -2 0 ]


-----p before: 0.0550417, -0.461538, -0.543537, 1.08333
p after M: 0.0508077, -0.426035, 0, 1.08333

p after scale:: 263.227, 143.778, 0, 1.08333
points: 263, 144

-----p before: 0.227672, 0.545455, -0.723673, 0.916667
p after M: 0.24837, 0.595041, 0, 0.916667

p after scale:: 312.717, 399.558, 0, 0.916667
points: 313, 400

-----p before: 0.227672, -0.545455, -0.723673, 0.916667
p after M: 0.24837, -0.595041, 0, 0.916667

p after scale:: 312.717, 101.442, 0, 0.916667
points: 313, 101

-----tri before: 
0.5, -0.5, -0.5, 1
0.5, 0.5, -0.5, 1
0.5, 0.5, 0.5, 1
-----

-----tri transformedMatrix: 
0.0550417, -0.461538, -0.543537, 1.08333
0.0550417, 0.461538, -0.543537, 1.08333
0.227672, 0.545455, -0.723673, 0.916667
-----
d: -0.5
[ 1 0 0 0 ]
[ 0 1 0 0 ]
[ 0 0 0 0 ]
[ 0 0 0 1 ]

[ 1 0 0 0 ]
[ 0 1 0 0 ]
[ 0 0 1 1 ]
[ 0 0 -2 0 ]


-----p before: 0.0550417, -0.461538, -0.543537, 1.08333
p after M: 0.0508077, -0.426035, 0, 1.08333

p after scale:: 263.227, 143.778, 0, 1.08333
points: 263, 144

-----p before: 0.0550417, 0.461538, -0.543537, 1.08333
p after M: 0.0508077, 0.426035, 0, 1.08333

p after scale:: 263.227, 357.222, 0, 1.08333
points: 263, 357

-----p before: 0.227672, 0.545455, -0.723673, 0.916667
p after M: 0.24837, 0.595041, 0, 0.916667

p after scale:: 312.717, 399.558, 0, 0.916667
points: 313, 400

-----tri before: 
-0.5, -0.5, -0.5, 1
0.5, -0.5, 0.5, 1
-0.5, -0.5, 0.5, 1
-----

-----tri transformedMatrix: 
-0.192646, -0.461538, 0.612339, 1.08333
0.227672, -0.545455, -0.723673, 0.916667
-0.0650492, -0.545455, 0.642361, 0.916667
-----
d: -0.5
[ 1 0 0 0 ]
[ 0 1 0 0 ]
[ 0 0 0 0 ]
[ 0 0 0 1 ]

[ 1 0 0 0 ]
[ 0 1 0 0 ]
[ 0 0 1 1 ]
[ 0 0 -2 0 ]


-----p before: -0.192646, -0.461538, 0.612339, 1.08333
p after M: -0.177827, -0.426035, 0, 1.08333

p after scale:: 205.954, 143.778, 0, 1.08333
points: 206, 144

-----p before: 0.227672, -0.545455, -0.723673, 0.916667
p after M: 0.24837, -0.595041, 0, 0.916667

p after scale:: 312.717, 101.442, 0, 0.916667
points: 313, 101

-----p before: -0.0650492, -0.545455, 0.642361, 0.916667
p after M: -0.0709628, -0.595041, 0, 0.916667

p after scale:: 232.724, 101.442, 0, 0.916667
points: 233, 101

-----tri before: 
-0.5, -0.5, -0.5, 1
0.5, -0.5, -0.5, 1
0.5, -0.5, 0.5, 1
-----

-----tri transformedMatrix: 
-0.192646, -0.461538, 0.612339, 1.08333
0.0550417, -0.461538, -0.543537, 1.08333
0.227672, -0.545455, -0.723673, 0.916667
-----
d: -0.5
[ 1 0 0 0 ]
[ 0 1 0 0 ]
[ 0 0 0 0 ]
[ 0 0 0 1 ]

[ 1 0 0 0 ]
[ 0 1 0 0 ]
[ 0 0 1 1 ]
[ 0 0 -2 0 ]


-----p before: -0.192646, -0.461538, 0.612339, 1.08333
p after M: -0.177827, -0.426035, 0, 1.08333

p after scale:: 205.954, 143.778, 0, 1.08333
points: 206, 144

-----p before: 0.0550417, -0.461538, -0.543537, 1.08333
p after M: 0.0508077, -0.426035, 0, 1.08333

p after scale:: 263.227, 143.778, 0, 1.08333
points: 263, 144

-----p before: 0.227672, -0.545455, -0.723673, 0.916667
p after M: 0.24837, -0.595041, 0, 0.916667

p after scale:: 312.717, 101.442, 0, 0.916667
points: 313, 101

-----tri before: 
-0.5, 0.5, -0.5, 1
0.5, 0.5, 0.5, 1
0.5, 0.5, -0.5, 1
-----

-----tri transformedMatrix: 
-0.192646, 0.461538, 0.612339, 1.08333
0.227672, 0.545455, -0.723673, 0.916667
0.0550417, 0.461538, -0.543537, 1.08333
-----
d: -0.5
[ 1 0 0 0 ]
[ 0 1 0 0 ]
[ 0 0 0 0 ]
[ 0 0 0 1 ]

[ 1 0 0 0 ]
[ 0 1 0 0 ]
[ 0 0 1 1 ]
[ 0 0 -2 0 ]


-----p before: -0.192646, 0.461538, 0.612339, 1.08333
p after M: -0.177827, 0.426035, 0, 1.08333

p after scale:: 205.954, 357.222, 0, 1.08333
points: 206, 357

-----p before: 0.227672, 0.545455, -0.723673, 0.916667
p after M: 0.24837, 0.595041, 0, 0.916667

p after scale:: 312.717, 399.558, 0, 0.916667
points: 313, 400

-----p before: 0.0550417, 0.461538, -0.543537, 1.08333
p after M: 0.0508077, 0.426035, 0, 1.08333

p after scale:: 263.227, 357.222, 0, 1.08333
points: 263, 357

-----tri before: 
-0.5, 0.5, -0.5, 1
-0.5, 0.5, 0.5, 1
0.5, 0.5, 0.5, 1
-----

-----tri transformedMatrix: 
-0.192646, 0.461538, 0.612339, 1.08333
-0.0650492, 0.545455, 0.642361, 0.916667
0.227672, 0.545455, -0.723673, 0.916667
-----
d: -0.5
[ 1 0 0 0 ]
[ 0 1 0 0 ]
[ 0 0 0 0 ]
[ 0 0 0 1 ]

[ 1 0 0 0 ]
[ 0 1 0 0 ]
[ 0 0 1 1 ]
[ 0 0 -2 0 ]


-----p before: -0.192646, 0.461538, 0.612339, 1.08333
p after M: -0.177827, 0.426035, 0, 1.08333

p after scale:: 205.954, 357.222, 0, 1.08333
points: 206, 357

-----p before: -0.0650492, 0.545455, 0.642361, 0.916667
p after M: -0.0709628, 0.595041, 0, 0.916667

p after scale:: 232.724, 399.558, 0, 0.916667
points: 233, 400

-----p before: 0.227672, 0.545455, -0.723673, 0.916667
p after M: 0.24837, 0.595041, 0, 0.916667

p after scale:: 312.717, 399.558, 0, 0.916667
points: 313, 400
points:
tri:  here
0, tri: 206, 144
1, tri: 263, 357
2, tri: 263, 144
0, tri: 206, 144
1, tri: 206, 357
2, tri: 263, 357
0, tri: 233, 400
1, tri: 313, 101
2, tri: 313, 400
0, tri: 233, 400
1, tri: 233, 101
2, tri: 313, 101
0, tri: 206, 144
1, tri: 233, 400
2, tri: 206, 357
0, tri: 206, 144
1, tri: 233, 101
2, tri: 233, 400
0, tri: 263, 144
1, tri: 313, 400
2, tri: 313, 101
0, tri: 263, 144
1, tri: 263, 357
2, tri: 313, 400
0, tri: 206, 144
1, tri: 313, 101
2, tri: 233, 101
0, tri: 206, 144
1, tri: 263, 144
2, tri: 313, 101
0, tri: 206, 357
1, tri: 313, 400
2, tri: 263, 357
0, tri: 206, 357
1, tri: 233, 400
2, tri: 313, 400

-----World width & height:  501, 501
bottomLeft: 0, 0
206, 144
206, 145
207, 146
207, 147
207, 148
207, 149
208, 150
208, 151
208, 152
208, 153
209, 154
209, 155
209, 156
209, 157
210, 158
210, 159
210, 160
211, 161
211, 162
211, 163
211, 164
212, 165
212, 166
212, 167
212, 168
213, 169
213, 170
213, 171
213, 172
214, 173
214, 174
214, 175
215, 176
215, 177
215, 178
215, 179
216, 180
216, 181
216, 182
216, 183
217, 184
217, 185
217, 186
218, 187
218, 188
218, 189
218, 190
219, 191
219, 192
219, 193
219, 194
220, 195
220, 196
220, 197
220, 198
221, 199
221, 200
221, 201
222, 202
222, 203
222, 204
222, 205
223, 206
223, 207
223, 208
223, 209
224, 210
224, 211
224, 212
224, 213
225, 214
225, 215
225, 216
226, 217
226, 218
226, 219
226, 220
227, 221
227, 222
227, 223
227, 224
228, 225
228, 226
228, 227
228, 228
229, 229
229, 230
229, 231
230, 232
230, 233
230, 234
230, 235
231, 236
231, 237
231, 238
231, 239
232, 240
232, 241
232, 242
232, 243
233, 244
233, 245
233, 246
234, 247
234, 248
234, 249
234, 250
235, 251
235, 252
235, 253
235, 254
236, 255
236, 256
236, 257
237, 258
237, 259
237, 260
237, 261
238, 262
238, 263
238, 264
238, 265
239, 266
239, 267
239, 268
239, 269
240, 270
240, 271
240, 272
241, 273
241, 274
241, 275
241, 276
242, 277
242, 278
242, 279
242, 280
243, 281
243, 282
243, 283
243, 284
244, 285
244, 286
244, 287
245, 288
245, 289
245, 290
245, 291
246, 292
246, 293
246, 294
246, 295
247, 296
247, 297
247, 298
247, 299
248, 300
248, 301
248, 302
249, 303
249, 304
249, 305
249, 306
250, 307
250, 308
250, 309
250, 310
251, 311
251, 312
251, 313
251, 314
252, 315
252, 316
252, 317
253, 318
253, 319
253, 320
253, 321
254, 322
254, 323
254, 324
254, 325
255, 326
255, 327
255, 328
256, 329
256, 330
256, 331
256, 332
257, 333
257, 334
257, 335
257, 336
258, 337
258, 338
258, 339
258, 340
259, 341
259, 342
259, 343
260, 344
260, 345
260, 346
260, 347
261, 348
261, 349
261, 350
261, 351
262, 352
262, 353
262, 354
262, 355
263, 356
263, 357
263, 357
263, 356
263, 355
263, 354
263, 353
263, 352
263, 351
263, 350
263, 349
263, 348
263, 347
263, 346
263, 345
263, 344
263, 343
263, 342
263, 341
263, 340
263, 339
263, 338
263, 337
263, 336
263, 335
263, 334
263, 333
263, 332
263, 331
263, 330
263, 329
263, 328
263, 327
263, 326
263, 325
263, 324
263, 323
263, 322
263, 321
263, 320
263, 319
263, 318
263, 317
263, 316
263, 315
263, 314
263, 313
263, 312
263, 311
263, 310
263, 309
263, 308
263, 307
263, 306
263, 305
263, 304
263, 303
263, 302
263, 301
263, 300
263, 299
263, 298
263, 297
263, 296
263, 295
263, 294
263, 293
263, 292
263, 291
263, 290
263, 289
263, 288
263, 287
263, 286
263, 285
263, 284
263, 283
263, 282
263, 281
263, 280
263, 279
263, 278
263, 277
263, 276
263, 275
263, 274
263, 273
263, 272
263, 271
263, 270
263, 269
263, 268
263, 267
263, 266
263, 265
263, 264
263, 263
263, 262
263, 261
263, 260
263, 259
263, 258
263, 257
263, 256
263, 255
263, 254
263, 253
263, 252
263, 251
263, 250
263, 249
263, 248
263, 247
263, 246
263, 245
263, 244
263, 243
263, 242
263, 241
263, 240
263, 239
263, 238
263, 237
263, 236
263, 235
263, 234
263, 233
263, 232
263, 231
263, 230
263, 229
263, 228
263, 227
263, 226
263, 225
263, 224
263, 223
263, 222
263, 221
263, 220
263, 219
263, 218
263, 217
263, 216
263, 215
263, 214
263, 213
263, 212
263, 211
263, 210
263, 209
263, 208
263, 207
263, 206
263, 205
263, 204
263, 203
263, 202
263, 201
263, 200
263, 199
263, 198
263, 197
263, 196
263, 195
263, 194
263, 193
263, 192
263, 191
263, 190
263, 189
263, 188
263, 187
263, 186
263, 185
263, 184
263, 183
263, 182
263, 181
263, 180
263, 179
263, 178
263, 177
263, 176
263, 175
263, 174
263, 173
263, 172
263, 171
263, 170
263, 169
263, 168
263, 167
263, 166
263, 165
263, 164
263, 163
263, 162
263, 161
263, 160
263, 159
263, 158
263, 157
263, 156
263, 155
263, 154
263, 153
263, 152
263, 151
263, 150
263, 149
263, 148
263, 147
263, 146
263, 145
263, 144
263, 144
262, 144
261, 144
260, 144
259, 144
258, 144
257, 144
256, 144
255, 144
254, 144
253, 144
252, 144
251, 144
250, 144
249, 144
248, 144
247, 144
246, 144
245, 144
244, 144
243, 144
242, 144
241, 144
240, 144
239, 144
238, 144
237, 144
236, 144
235, 144
234, 144
233, 144
232, 144
231, 144
230, 144
229, 144
228, 144
227, 144
226, 144
225, 144
224, 144
223, 144
222, 144
221, 144
220, 144
219, 144
218, 144
217, 144
216, 144
215, 144
214, 144
213, 144
212, 144
211, 144
210, 144
209, 144
208, 144
207, 144
206, 144
206, 144
206, 145
206, 146
206, 147
206, 148
206, 149
206, 150
206, 151
206, 152
206, 153
206, 154
206, 155
206, 156
206, 157
206, 158
206, 159
206, 160
206, 161
206, 162
206, 163
206, 164
206, 165
206, 166
206, 167
206, 168
206, 169
206, 170
206, 171
206, 172
206, 173
206, 174
206, 175
206, 176
206, 177
206, 178
206, 179
206, 180
206, 181
206, 182
206, 183
206, 184
206, 185
206, 186
206, 187
206, 188
206, 189
206, 190
206, 191
206, 192
206, 193
206, 194
206, 195
206, 196
206, 197
206, 198
206, 199
206, 200
206, 201
206, 202
206, 203
206, 204
206, 205
206, 206
206, 207
206, 208
206, 209
206, 210
206, 211
206, 212
206, 213
206, 214
206, 215
206, 216
206, 217
206, 218
206, 219
206, 220
206, 221
206, 222
206, 223
206, 224
206, 225
206, 226
206, 227
206, 228
206, 229
206, 230
206, 231
206, 232
206, 233
206, 234
206, 235
206, 236
206, 237
206, 238
206, 239
206, 240
206, 241
206, 242
206, 243
206, 244
206, 245
206, 246
206, 247
206, 248
206, 249
206, 250
206, 251
206, 252
206, 253
206, 254
206, 255
206, 256
206, 257
206, 258
206, 259
206, 260
206, 261
206, 262
206, 263
206, 264
206, 265
206, 266
206, 267
206, 268
206, 269
206, 270
206, 271
206, 272
206, 273
206, 274
206, 275
206, 276
206, 277
206, 278
206, 279
206, 280
206, 281
206, 282
206, 283
206, 284
206, 285
206, 286
206, 287
206, 288
206, 289
206, 290
206, 291
206, 292
206, 293
206, 294
206, 295
206, 296
206, 297
206, 298
206, 299
206, 300
206, 301
206, 302
206, 303
206, 304
206, 305
206, 306
206, 307
206, 308
206, 309
206, 310
206, 311
206, 312
206, 313
206, 314
206, 315
206, 316
206, 317
206, 318
206, 319
206, 320
206, 321
206, 322
206, 323
206, 324
206, 325
206, 326
206, 327
206, 328
206, 329
206, 330
206, 331
206, 332
206, 333
206, 334
206, 335
206, 336
206, 337
206, 338
206, 339
206, 340
206, 341
206, 342
206, 343
206, 344
206, 345
206, 346
206, 347
206, 348
206, 349
206, 350
206, 351
206, 352
206, 353
206, 354
206, 355
206, 356
206, 357
206, 357
207, 357
208, 357
209, 357
210, 357
211, 357
212, 357
213, 357
214, 357
215, 357
216, 357
217, 357
218, 357
219, 357
220, 357
221, 357
222, 357
223, 357
224, 357
225, 357
226, 357
227, 357
228, 357
229, 357
230, 357
231, 357
232, 357
233, 357
234, 357
235, 357
236, 357
237, 357
238, 357
239, 357
240, 357
241, 357
242, 357
243, 357
244, 357
245, 357
246, 357
247, 357
248, 357
249, 357
250, 357
251, 357
252, 357
253, 357
254, 357
255, 357
256, 357
257, 357
258, 357
259, 357
260, 357
261, 357
262, 357
263, 357
263, 357
263, 356
262, 355
262, 354
262, 353
262, 352
261, 351
261, 350
261, 349
261, 348
260, 347
260, 346
260, 345
260, 344
259, 343
259, 342
259, 341
258, 340
258, 339
258, 338
258, 337
257, 336
257, 335
257, 334
257, 333
256, 332
256, 331
256, 330
256, 329
255, 328
255, 327
255, 326
254, 325
254, 324
254, 323
254, 322
253, 321
253, 320
253, 319
253, 318
252, 317
252, 316
252, 315
251, 314
251, 313
251, 312
251, 311
250, 310
250, 309
250, 308
250, 307
249, 306
249, 305
249, 304
249, 303
248, 302
248, 301
248, 300
247, 299
247, 298
247, 297
247, 296
246, 295
246, 294
246, 293
246, 292
245, 291
245, 290
245, 289
245, 288
244, 287
244, 286
244, 285
243, 284
243, 283
243, 282
243, 281
242, 280
242, 279
242, 278
242, 277
241, 276
241, 275
241, 274
241, 273
240, 272
240, 271
240, 270
239, 269
239, 268
239, 267
239, 266
238, 265
238, 264
238, 263
238, 262
237, 261
237, 260
237, 259
237, 258
236, 257
236, 256
236, 255
235, 254
235, 253
235, 252
235, 251
234, 250
234, 249
234, 248
234, 247
233, 246
233, 245
233, 244
232, 243
232, 242
232, 241
232, 240
231, 239
231, 238
231, 237
231, 236
230, 235
230, 234
230, 233
230, 232
229, 231
229, 230
229, 229
228, 228
228, 227
228, 226
228, 225
227, 224
227, 223
227, 222
227, 221
226, 220
226, 219
226, 218
226, 217
225, 216
225, 215
225, 214
224, 213
224, 212
224, 211
224, 210
223, 209
223, 208
223, 207
223, 206
222, 205
222, 204
222, 203
222, 202
221, 201
221, 200
221, 199
220, 198
220, 197
220, 196
220, 195
219, 194
219, 193
219, 192
219, 191
218, 190
218, 189
218, 188
218, 187
217, 186
217, 185
217, 184
216, 183
216, 182
216, 181
216, 180
215, 179
215, 178
215, 177
215, 176
214, 175
214, 174
214, 173
213, 172
213, 171
213, 170
213, 169
212, 168
212, 167
212, 166
212, 165
211, 164
211, 163
211, 162
211, 161
210, 160
210, 159
210, 158
209, 157
209, 156
209, 155
209, 154
208, 153
208, 152
208, 151
208, 150
207, 149
207, 148
207, 147
207, 146
206, 145
206, 144
233, 400
233, 399
234, 398
234, 397
234, 396
234, 395
235, 394
235, 393
235, 392
235, 391
236, 390
236, 389
236, 388
236, 387
237, 386
237, 385
237, 384
238, 383
238, 382
238, 381
238, 380
239, 379
239, 378
239, 377
239, 376
240, 375
240, 374
240, 373
240, 372
241, 371
241, 370
241, 369
242, 368
242, 367
242, 366
242, 365
243, 364
243, 363
243, 362
243, 361
244, 360
244, 359
244, 358
245, 357
245, 356
245, 355
245, 354
246, 353
246, 352
246, 351
246, 350
247, 349
247, 348
247, 347
247, 346
248, 345
248, 344
248, 343
249, 342
249, 341
249, 340
249, 339
250, 338
250, 337
250, 336
250, 335
251, 334
251, 333
251, 332
251, 331
252, 330
252, 329
252, 328
253, 327
253, 326
253, 325
253, 324
254, 323
254, 322
254, 321
254, 320
255, 319
255, 318
255, 317
255, 316
256, 315
256, 314
256, 313
257, 312
257, 311
257, 310
257, 309
258, 308
258, 307
258, 306
258, 305
259, 304
259, 303
259, 302
259, 301
260, 300
260, 299
260, 298
261, 297
261, 296
261, 295
261, 294
262, 293
262, 292
262, 291
262, 290
263, 289
263, 288
263, 287
264, 286
264, 285
264, 284
264, 283
265, 282
265, 281
265, 280
265, 279
266, 278
266, 277
266, 276
266, 275
267, 274
267, 273
267, 272
268, 271
268, 270
268, 269
268, 268
269, 267
269, 266
269, 265
269, 264
270, 263
270, 262
270, 261
270, 260
271, 259
271, 258
271, 257
272, 256
272, 255
272, 254
272, 253
273, 252
273, 251
273, 250
273, 249
274, 248
274, 247
274, 246
274, 245
275, 244
275, 243
275, 242
276, 241
276, 240
276, 239
276, 238
277, 237
277, 236
277, 235
277, 234
278, 233
278, 232
278, 231
278, 230
279, 229
279, 228
279, 227
280, 226
280, 225
280, 224
280, 223
281, 222
281, 221
281, 220
281, 219
282, 218
282, 217
282, 216
282, 215
283, 214
283, 213
283, 212
284, 211
284, 210
284, 209
284, 208
285, 207
285, 206
285, 205
285, 204
286, 203
286, 202
286, 201
287, 200
287, 199
287, 198
287, 197
288, 196
288, 195
288, 194
288, 193
289, 192
289, 191
289, 190
289, 189
290, 188
290, 187
290, 186
291, 185
291, 184
291, 183
291, 182
292, 181
292, 180
292, 179
292, 178
293, 177
293, 176
293, 175
293, 174
294, 173
294, 172
294, 171
295, 170
295, 169
295, 168
295, 167
296, 166
296, 165
296, 164
296, 163
297, 162
297, 161
297, 160
297, 159
298, 158
298, 157
298, 156
299, 155
299, 154
299, 153
299, 152
300, 151
300, 150
300, 149
300, 148
301, 147
301, 146
301, 145
301, 144
302, 143
302, 142
302, 141
303, 140
303, 139
303, 138
303, 137
304, 136
304, 135
304, 134
304, 133
305, 132
305, 131
305, 130
306, 129
306, 128
306, 127
306, 126
307, 125
307, 124
307, 123
307, 122
308, 121
308, 120
308, 119
308, 118
309, 117
309, 116
309, 115
310, 114
310, 113
310, 112
310, 111
311, 110
311, 109
311, 108
311, 107
312, 106
312, 105
312, 104
312, 103
313, 102
313, 101
313, 101
313, 102
313, 103
313, 104
313, 105
313, 106
313, 107
313, 108
313, 109
313, 110
313, 111
313, 112
313, 113
313, 114
313, 115
313, 116
313, 117
313, 118
313, 119
313, 120
313, 121
313, 122
313, 123
313, 124
313, 125
313, 126
313, 127
313, 128
313, 129
313, 130
313, 131
313, 132
313, 133
313, 134
313, 135
313, 136
313, 137
313, 138
313, 139
313, 140
313, 141
313, 142
313, 143
313, 144
313, 145
313, 146
313, 147
313, 148
313, 149
313, 150
313, 151
313, 152
313, 153
313, 154
313, 155
313, 156
313, 157
313, 158
313, 159
313, 160
313, 161
313, 162
313, 163
313, 164
313, 165
313, 166
313, 167
313, 168
313, 169
313, 170
313, 171
313, 172
313, 173
313, 174
313, 175
313, 176
313, 177
313, 178
313, 179
313, 180
313, 181
313, 182
313, 183
313, 184
313, 185
313, 186
313, 187
313, 188
313, 189
313, 190
313, 191
313, 192
313, 193
313, 194
313, 195
313, 196
313, 197
313, 198
313, 199
313, 200
313, 201
313, 202
313, 203
313, 204
313, 205
313, 206
313, 207
313, 208
313, 209
313, 210
313, 211
313, 212
313, 213
313, 214
313, 215
313, 216
313, 217
313, 218
313, 219
313, 220
313, 221
313, 222
313, 223
313, 224
313, 225
313, 226
313, 227
313, 228
313, 229
313, 230
313, 231
313, 232
313, 233
313, 234
313, 235
313, 236
313, 237
313, 238
313, 239
313, 240
313, 241
313, 242
313, 243
313, 244
313, 245
313, 246
313, 247
313, 248
313, 249
313, 250
313, 251
313, 252
313, 253
313, 254
313, 255
313, 256
313, 257
313, 258
313, 259
313, 260
313, 261
313, 262
313, 263
313, 264
313, 265
313, 266
313, 267
313, 268
313, 269
313, 270
313, 271
313, 272
313, 273
313, 274
313, 275
313, 276
313, 277
313, 278
313, 279
313, 280
313, 281
313, 282
313, 283
313, 284
313, 285
313, 286
313, 287
313, 288
313, 289
313, 290
313, 291
313, 292
313, 293
313, 294
313, 295
313, 296
313, 297
313, 298
313, 299
313, 300
313, 301
313, 302
313, 303
313, 304
313, 305
313, 306
313, 307
313, 308
313, 309
313, 310
313, 311
313, 312
313, 313
313, 314
313, 315
313, 316
313, 317
313, 318
313, 319
313, 320
313, 321
313, 322
313, 323
313, 324
313, 325
313, 326
313, 327
313, 328
313, 329
313, 330
313, 331
313, 332
313, 333
313, 334
313, 335
313, 336
313, 337
313, 338
313, 339
313, 340
313, 341
313, 342
313, 343
313, 344
313, 345
313, 346
313, 347
313, 348
313, 349
313, 350
313, 351
313, 352
313, 353
313, 354
313, 355
313, 356
313, 357
313, 358
313, 359
313, 360
313, 361
313, 362
313, 363
313, 364
313, 365
313, 366
313, 367
313, 368
313, 369
313, 370
313, 371
313, 372
313, 373
313, 374
313, 375
313, 376
313, 377
313, 378
313, 379
313, 380
313, 381
313, 382
313, 383
313, 384
313, 385
313, 386
313, 387
313, 388
313, 389
313, 390
313, 391
313, 392
313, 393
313, 394
313, 395
313, 396
313, 397
313, 398
313, 399
313, 400
313, 400
312, 400
311, 400
310, 400
309, 400
308, 400
307, 400
306, 400
305, 400
304, 400
303, 400
302, 400
301, 400
300, 400
299, 400
298, 400
297, 400
296, 400
295, 400
294, 400
293, 400
292, 400
291, 400
290, 400
289, 400
288, 400
287, 400
286, 400
285, 400
284, 400
283, 400
282, 400
281, 400
280, 400
279, 400
278, 400
277, 400
276, 400
275, 400
274, 400
273, 400
272, 400
271, 400
270, 400
269, 400
268, 400
267, 400
266, 400
265, 400
264, 400
263, 400
262, 400
261, 400
260, 400
259, 400
258, 400
257, 400
256, 400
255, 400
254, 400
253, 400
252, 400
251, 400
250, 400
249, 400
248, 400
247, 400
246, 400
245, 400
244, 400
243, 400
242, 400
241, 400
240, 400
239, 400
238, 400
237, 400
236, 400
235, 400
234, 400
233, 400
233, 400
233, 399
233, 398
233, 397
233, 396
233, 395
233, 394
233, 393
233, 392
233, 391
233, 390
233, 389
233, 388
233, 387
233, 386
233, 385
233, 384
233, 383
233, 382
233, 381
233, 380
233, 379
233, 378
233, 377
233, 376
233, 375
233, 374
233, 373
233, 372
233, 371
233, 370
233, 369
233, 368
233, 367
233, 366
233, 365
233, 364
233, 363
233, 362
233, 361
233, 360
233, 359
233, 358
233, 357
233, 356
233, 355
233, 354
233, 353
233, 352
233, 351
233, 350
233, 349
233, 348
233, 347
233, 346
233, 345
233, 344
233, 343
233, 342
233, 341
233, 340
233, 339
233, 338
233, 337
233, 336
233, 335
233, 334
233, 333
233, 332
233, 331
233, 330
233, 329
233, 328
233, 327
233, 326
233, 325
233, 324
233, 323
233, 322
233, 321
233, 320
233, 319
233, 318
233, 317
233, 316
233, 315
233, 314
233, 313
233, 312
233, 311
233, 310
233, 309
233, 308
233, 307
233, 306
233, 305
233, 304
233, 303
233, 302
233, 301
233, 300
233, 299
233, 298
233, 297
233, 296
233, 295
233, 294
233, 293
233, 292
233, 291
233, 290
233, 289
233, 288
233, 287
233, 286
233, 285
233, 284
233, 283
233, 282
233, 281
233, 280
233, 279
233, 278
233, 277
233, 276
233, 275
233, 274
233, 273
233, 272
233, 271
233, 270
233, 269
233, 268
233, 267
233, 266
233, 265
233, 264
233, 263
233, 262
233, 261
233, 260
233, 259
233, 258
233, 257
233, 256
233, 255
233, 254
233, 253
233, 252
233, 251
233, 250
233, 249
233, 248
233, 247
233, 246
233, 245
233, 244
233, 243
233, 242
233, 241
233, 240
233, 239
233, 238
233, 237
233, 236
233, 235
233, 234
233, 233
233, 232
233, 231
233, 230
233, 229
233, 228
233, 227
233, 226
233, 225
233, 224
233, 223
233, 222
233, 221
233, 220
233, 219
233, 218
233, 217
233, 216
233, 215
233, 214
233, 213
233, 212
233, 211
233, 210
233, 209
233, 208
233, 207
233, 206
233, 205
233, 204
233, 203
233, 202
233, 201
233, 200
233, 199
233, 198
233, 197
233, 196
233, 195
233, 194
233, 193
233, 192
233, 191
233, 190
233, 189
233, 188
233, 187
233, 186
233, 185
233, 184
233, 183
233, 182
233, 181
233, 180
233, 179
233, 178
233, 177
233, 176
233, 175
233, 174
233, 173
233, 172
233, 171
233, 170
233, 169
233, 168
233, 167
233, 166
233, 165
233, 164
233, 163
233, 162
233, 161
233, 160
233, 159
233, 158
233, 157
233, 156
233, 155
233, 154
233, 153
233, 152
233, 151
233, 150
233, 149
233, 148
233, 147
233, 146
233, 145
233, 144
233, 143
233, 142
233, 141
233, 140
233, 139
233, 138
233, 137
233, 136
233, 135
233, 134
233, 133
233, 132
233, 131
233, 130
233, 129
233, 128
233, 127
233, 126
233, 125
233, 124
233, 123
233, 122
233, 121
233, 120
233, 119
233, 118
233, 117
233, 116
233, 115
233, 114
233, 113
233, 112
233, 111
233, 110
233, 109
233, 108
233, 107
233, 106
233, 105
233, 104
233, 103
233, 102
233, 101
233, 101
234, 101
235, 101
236, 101
237, 101
238, 101
239, 101
240, 101
241, 101
242, 101
243, 101
244, 101
245, 101
246, 101
247, 101
248, 101
249, 101
250, 101
251, 101
252, 101
253, 101
254, 101
255, 101
256, 101
257, 101
258, 101
259, 101
260, 101
261, 101
262, 101
263, 101
264, 101
265, 101
266, 101
267, 101
268, 101
269, 101
270, 101
271, 101
272, 101
273, 101
274, 101
275, 101
276, 101
277, 101
278, 101
279, 101
280, 101
281, 101
282, 101
283, 101
284, 101
285, 101
286, 101
287, 101
288, 101
289, 101
290, 101
291, 101
292, 101
293, 101
294, 101
295, 101
296, 101
297, 101
298, 101
299, 101
300, 101
301, 101
302, 101
303, 101
304, 101
305, 101
306, 101
307, 101
308, 101
309, 101
310, 101
311, 101
312, 101
313, 101
313, 101
313, 102
312, 103
312, 104
312, 105
312, 106
311, 107
311, 108
311, 109
311, 110
310, 111
310, 112
310, 113
310, 114
309, 115
309, 116
309, 117
308, 118
308, 119
308, 120
308, 121
307, 122
307, 123
307, 124
307, 125
306, 126
306, 127
306, 128
306, 129
305, 130
305, 131
305, 132
304, 133
304, 134
304, 135
304, 136
303, 137
303, 138
303, 139
303, 140
302, 141
302, 142
302, 143
301, 144
301, 145
301, 146
301, 147
300, 148
300, 149
300, 150
300, 151
299, 152
299, 153
299, 154
299, 155
298, 156
298, 157
298, 158
297, 159
297, 160
297, 161
297, 162
296, 163
296, 164
296, 165
296, 166
295, 167
295, 168
295, 169
295, 170
294, 171
294, 172
294, 173
293, 174
293, 175
293, 176
293, 177
292, 178
292, 179
292, 180
292, 181
291, 182
291, 183
291, 184
291, 185
290, 186
290, 187
290, 188
289, 189
289, 190
289, 191
289, 192
288, 193
288, 194
288, 195
288, 196
287, 197
287, 198
287, 199
287, 200
286, 201
286, 202
286, 203
285, 204
285, 205
285, 206
285, 207
284, 208
284, 209
284, 210
284, 211
283, 212
283, 213
283, 214
282, 215
282, 216
282, 217
282, 218
281, 219
281, 220
281, 221
281, 222
280, 223
280, 224
280, 225
280, 226
279, 227
279, 228
279, 229
278, 230
278, 231
278, 232
278, 233
277, 234
277, 235
277, 236
277, 237
276, 238
276, 239
276, 240
276, 241
275, 242
275, 243
275, 244
274, 245
274, 246
274, 247
274, 248
273, 249
273, 250
273, 251
273, 252
272, 253
272, 254
272, 255
272, 256
271, 257
271, 258
271, 259
270, 260
270, 261
270, 262
270, 263
269, 264
269, 265
269, 266
269, 267
268, 268
268, 269
268, 270
268, 271
267, 272
267, 273
267, 274
266, 275
266, 276
266, 277
266, 278
265, 279
265, 280
265, 281
265, 282
264, 283
264, 284
264, 285
264, 286
263, 287
263, 288
263, 289
262, 290
262, 291
262, 292
262, 293
261, 294
261, 295
261, 296
261, 297
260, 298
260, 299
260, 300
259, 301
259, 302
259, 303
259, 304
258, 305
258, 306
258, 307
258, 308
257, 309
257, 310
257, 311
257, 312
256, 313
256, 314
256, 315
255, 316
255, 317
255, 318
255, 319
254, 320
254, 321
254, 322
254, 323
253, 324
253, 325
253, 326
253, 327
252, 328
252, 329
252, 330
251, 331
251, 332
251, 333
251, 334
250, 335
250, 336
250, 337
250, 338
249, 339
249, 340
249, 341
249, 342
248, 343
248, 344
248, 345
247, 346
247, 347
247, 348
247, 349
246, 350
246, 351
246, 352
246, 353
245, 354
245, 355
245, 356
245, 357
244, 358
244, 359
244, 360
243, 361
243, 362
243, 363
243, 364
242, 365
242, 366
242, 367
242, 368
241, 369
241, 370
241, 371
240, 372
240, 373
240, 374
240, 375
239, 376
239, 377
239, 378
239, 379
238, 380
238, 381
238, 382
238, 383
237, 384
237, 385
237, 386
236, 387
236, 388
236, 389
236, 390
235, 391
235, 392
235, 393
235, 394
234, 395
234, 396
234, 397
234, 398
233, 399
233, 400
206, 144
206, 145
206, 146
206, 147
206, 148
207, 149
207, 150
207, 151
207, 152
207, 153
207, 154
207, 155
207, 156
207, 157
207, 158
208, 159
208, 160
208, 161
208, 162
208, 163
208, 164
208, 165
208, 166
208, 167
209, 168
209, 169
209, 170
209, 171
209, 172
209, 173
209, 174
209, 175
209, 176
209, 177
210, 178
210, 179
210, 180
210, 181
210, 182
210, 183
210, 184
210, 185
210, 186
211, 187
211, 188
211, 189
211, 190
211, 191
211, 192
211, 193
211, 194
211, 195
211, 196
212, 197
212, 198
212, 199
212, 200
212, 201
212, 202
212, 203
212, 204
212, 205
213, 206
213, 207
213, 208
213, 209
213, 210
213, 211
213, 212
213, 213
213, 214
213, 215
214, 216
214, 217
214, 218
214, 219
214, 220
214, 221
214, 222
214, 223
214, 224
215, 225
215, 226
215, 227
215, 228
215, 229
215, 230
215, 231
215, 232
215, 233
215, 234
216, 235
216, 236
216, 237
216, 238
216, 239
216, 240
216, 241
216, 242
216, 243
217, 244
217, 245
217, 246
217, 247
217, 248
217, 249
217, 250
217, 251
217, 252
217, 253
218, 254
218, 255
218, 256
218, 257
218, 258
218, 259
218, 260
218, 261
218, 262
219, 263
219, 264
219, 265
219, 266
219, 267
219, 268
219, 269
219, 270
219, 271
220, 272
220, 273
220, 274
220, 275
220, 276
220, 277
220, 278
220, 279
220, 280
220, 281
221, 282
221, 283
221, 284
221, 285
221, 286
221, 287
221, 288
221, 289
221, 290
222, 291
222, 292
222, 293
222, 294
222, 295
222, 296
222, 297
222, 298
222, 299
222, 300
223, 301
223, 302
223, 303
223, 304
223, 305
223, 306
223, 307
223, 308
223, 309
224, 310
224, 311
224, 312
224, 313
224, 314
224, 315
224, 316
224, 317
224, 318
224, 319
225, 320
225, 321
225, 322
225, 323
225, 324
225, 325
225, 326
225, 327
225, 328
226, 329
226, 330
226, 331
226, 332
226, 333
226, 334
226, 335
226, 336
226, 337
226, 338
227, 339
227, 340
227, 341
227, 342
227, 343
227, 344
227, 345
227, 346
227, 347
228, 348
228, 349
228, 350
228, 351
228, 352
228, 353
228, 354
228, 355
228, 356
228, 357
229, 358
229, 359
229, 360
229, 361
229, 362
229, 363
229, 364
229, 365
229, 366
230, 367
230, 368
230, 369
230, 370
230, 371
230, 372
230, 373
230, 374
230, 375
230, 376
231, 377
231, 378
231, 379
231, 380
231, 381
231, 382
231, 383
231, 384
231, 385
232, 386
232, 387
232, 388
232, 389
232, 390
232, 391
232, 392
232, 393
232, 394
232, 395
233, 396
233, 397
233, 398
233, 399
233, 400
233, 400
232, 399
232, 398
231, 397
230, 396
230, 395
229, 394
229, 393
228, 392
227, 391
227, 390
226, 389
225, 388
225, 387
224, 386
224, 385
223, 384
222, 383
222, 382
221, 381
220, 380
220, 379
219, 378
219, 377
218, 376
217, 375
217, 374
216, 373
215, 372
215, 371
214, 370
214, 369
213, 368
212, 367
212, 366
211, 365
210, 364
210, 363
209, 362
209, 361
208, 360
207, 359
207, 358
206, 357
206, 357
206, 356
206, 355
206, 354
206, 353
206, 352
206, 351
206, 350
206, 349
206, 348
206, 347
206, 346
206, 345
206, 344
206, 343
206, 342
206, 341
206, 340
206, 339
206, 338
206, 337
206, 336
206, 335
206, 334
206, 333
206, 332
206, 331
206, 330
206, 329
206, 328
206, 327
206, 326
206, 325
206, 324
206, 323
206, 322
206, 321
206, 320
206, 319
206, 318
206, 317
206, 316
206, 315
206, 314
206, 313
206, 312
206, 311
206, 310
206, 309
206, 308
206, 307
206, 306
206, 305
206, 304
206, 303
206, 302
206, 301
206, 300
206, 299
206, 298
206, 297
206, 296
206, 295
206, 294
206, 293
206, 292
206, 291
206, 290
206, 289
206, 288
206, 287
206, 286
206, 285
206, 284
206, 283
206, 282
206, 281
206, 280
206, 279
206, 278
206, 277
206, 276
206, 275
206, 274
206, 273
206, 272
206, 271
206, 270
206, 269
206, 268
206, 267
206, 266
206, 265
206, 264
206, 263
206, 262
206, 261
206, 260
206, 259
206, 258
206, 257
206, 256
206, 255
206, 254
206, 253
206, 252
206, 251
206, 250
206, 249
206, 248
206, 247
206, 246
206, 245
206, 244
206, 243
206, 242
206, 241
206, 240
206, 239
206, 238
206, 237
206, 236
206, 235
206, 234
206, 233
206, 232
206, 231
206, 230
206, 229
206, 228
206, 227
206, 226
206, 225
206, 224
206, 223
206, 222
206, 221
206, 220
206, 219
206, 218
206, 217
206, 216
206, 215
206, 214
206, 213
206, 212
206, 211
206, 210
206, 209
206, 208
206, 207
206, 206
206, 205
206, 204
206, 203
206, 202
206, 201
206, 200
206, 199
206, 198
206, 197
206, 196
206, 195
206, 194
206, 193
206, 192
206, 191
206, 190
206, 189
206, 188
206, 187
206, 186
206, 185
206, 184
206, 183
206, 182
206, 181
206, 180
206, 179
206, 178
206, 177
206, 176
206, 175
206, 174
206, 173
206, 172
206, 171
206, 170
206, 169
206, 168
206, 167
206, 166
206, 165
206, 164
206, 163
206, 162
206, 161
206, 160
206, 159
206, 158
206, 157
206, 156
206, 155
206, 154
206, 153
206, 152
206, 151
206, 150
206, 149
206, 148
206, 147
206, 146
206, 145
206, 144
206, 144
207, 143
207, 142
208, 141
209, 140
209, 139
210, 138
210, 137
211, 136
212, 135
212, 134
213, 133
214, 132
214, 131
215, 130
215, 129
216, 128
217, 127
217, 126
218, 125
219, 124
219, 123
220, 122
220, 121
221, 120
222, 119
222, 118
223, 117
224, 116
224, 115
225, 114
225, 113
226, 112
227, 111
227, 110
228, 109
229, 108
229, 107
230, 106
230, 105
231, 104
232, 103
232, 102
233, 101
233, 101
233, 102
233, 103
233, 104
233, 105
233, 106
233, 107
233, 108
233, 109
233, 110
233, 111
233, 112
233, 113
233, 114
233, 115
233, 116
233, 117
233, 118
233, 119
233, 120
233, 121
233, 122
233, 123
233, 124
233, 125
233, 126
233, 127
233, 128
233, 129
233, 130
233, 131
233, 132
233, 133
233, 134
233, 135
233, 136
233, 137
233, 138
233, 139
233, 140
233, 141
233, 142
233, 143
233, 144
233, 145
233, 146
233, 147
233, 148
233, 149
233, 150
233, 151
233, 152
233, 153
233, 154
233, 155
233, 156
233, 157
233, 158
233, 159
233, 160
233, 161
233, 162
233, 163
233, 164
233, 165
233, 166
233, 167
233, 168
233, 169
233, 170
233, 171
233, 172
233, 173
233, 174
233, 175
233, 176
233, 177
233, 178
233, 179
233, 180
233, 181
233, 182
233, 183
233, 184
233, 185
233, 186
233, 187
233, 188
233, 189
233, 190
233, 191
233, 192
233, 193
233, 194
233, 195
233, 196
233, 197
233, 198
233, 199
233, 200
233, 201
233, 202
233, 203
233, 204
233, 205
233, 206
233, 207
233, 208
233, 209
233, 210
233, 211
233, 212
233, 213
233, 214
233, 215
233, 216
233, 217
233, 218
233, 219
233, 220
233, 221
233, 222
233, 223
233, 224
233, 225
233, 226
233, 227
233, 228
233, 229
233, 230
233, 231
233, 232
233, 233
233, 234
233, 235
233, 236
233, 237
233, 238
233, 239
233, 240
233, 241
233, 242
233, 243
233, 244
233, 245
233, 246
233, 247
233, 248
233, 249
233, 250
233, 251
233, 252
233, 253
233, 254
233, 255
233, 256
233, 257
233, 258
233, 259
233, 260
233, 261
233, 262
233, 263
233, 264
233, 265
233, 266
233, 267
233, 268
233, 269
233, 270
233, 271
233, 272
233, 273
233, 274
233, 275
233, 276
233, 277
233, 278
233, 279
233, 280
233, 281
233, 282
233, 283
233, 284
233, 285
233, 286
233, 287
233, 288
233, 289
233, 290
233, 291
233, 292
233, 293
233, 294
233, 295
233, 296
233, 297
233, 298
233, 299
233, 300
233, 301
233, 302
233, 303
233, 304
233, 305
233, 306
233, 307
233, 308
233, 309
233, 310
233, 311
233, 312
233, 313
233, 314
233, 315
233, 316
233, 317
233, 318
233, 319
233, 320
233, 321
233, 322
233, 323
233, 324
233, 325
233, 326
233, 327
233, 328
233, 329
233, 330
233, 331
233, 332
233, 333
233, 334
233, 335
233, 336
233, 337
233, 338
233, 339
233, 340
233, 341
233, 342
233, 343
233, 344
233, 345
233, 346
233, 347
233, 348
233, 349
233, 350
233, 351
233, 352
233, 353
233, 354
233, 355
233, 356
233, 357
233, 358
233, 359
233, 360
233, 361
233, 362
233, 363
233, 364
233, 365
233, 366
233, 367
233, 368
233, 369
233, 370
233, 371
233, 372
233, 373
233, 374
233, 375
233, 376
233, 377
233, 378
233, 379
233, 380
233, 381
233, 382
233, 383
233, 384
233, 385
233, 386
233, 387
233, 388
233, 389
233, 390
233, 391
233, 392
233, 393
233, 394
233, 395
233, 396
233, 397
233, 398
233, 399
233, 400
233, 400
233, 399
233, 398
233, 397
233, 396
232, 395
232, 394
232, 393
232, 392
232, 391
232, 390
232, 389
232, 388
232, 387
232, 386
231, 385
231, 384
231, 383
231, 382
231, 381
231, 380
231, 379
231, 378
231, 377
230, 376
230, 375
230, 374
230, 373
230, 372
230, 371
230, 370
230, 369
230, 368
230, 367
229, 366
229, 365
229, 364
229, 363
229, 362
229, 361
229, 360
229, 359
229, 358
228, 357
228, 356
228, 355
228, 354
228, 353
228, 352
228, 351
228, 350
228, 349
228, 348
227, 347
227, 346
227, 345
227, 344
227, 343
227, 342
227, 341
227, 340
227, 339
226, 338
226, 337
226, 336
226, 335
226, 334
226, 333
226, 332
226, 331
226, 330
226, 329
225, 328
225, 327
225, 326
225, 325
225, 324
225, 323
225, 322
225, 321
225, 320
224, 319
224, 318
224, 317
224, 316
224, 315
224, 314
224, 313
224, 312
224, 311
224, 310
223, 309
223, 308
223, 307
223, 306
223, 305
223, 304
223, 303
223, 302
223, 301
222, 300
222, 299
222, 298
222, 297
222, 296
222, 295
222, 294
222, 293
222, 292
222, 291
221, 290
221, 289
221, 288
221, 287
221, 286
221, 285
221, 284
221, 283
221, 282
220, 281
220, 280
220, 279
220, 278
220, 277
220, 276
220, 275
220, 274
220, 273
219, 272
219, 271
219, 270
219, 269
219, 268
219, 267
219, 266
219, 265
219, 264
219, 263
218, 262
218, 261
218, 260
218, 259
218, 258
218, 257
218, 256
218, 255
218, 254
217, 253
217, 252
217, 251
217, 250
217, 249
217, 248
217, 247
217, 246
217, 245
217, 244
216, 243
216, 242
216, 241
216, 240
216, 239
216, 238
216, 237
216, 236
216, 235
215, 234
215, 233
215, 232
215, 231
215, 230
215, 229
215, 228
215, 227
215, 226
215, 225
214, 224
214, 223
214, 222
214, 221
214, 220
214, 219
214, 218
214, 217
214, 216
213, 215
213, 214
213, 213
213, 212
213, 211
213, 210
213, 209
213, 208
213, 207
213, 206
212, 205
212, 204
212, 203
212, 202
212, 201
212, 200
212, 199
212, 198
212, 197
211, 196
211, 195
211, 194
211, 193
211, 192
211, 191
211, 190
211, 189
211, 188
211, 187
210, 186
210, 185
210, 184
210, 183
210, 182
210, 181
210, 180
210, 179
210, 178
209, 177
209, 176
209, 175
209, 174
209, 173
209, 172
209, 171
209, 170
209, 169
209, 168
208, 167
208, 166
208, 165
208, 164
208, 163
208, 162
208, 161
208, 160
208, 159
207, 158
207, 157
207, 156
207, 155
207, 154
207, 153
207, 152
207, 151
207, 150
207, 149
206, 148
206, 147
206, 146
206, 145
206, 144
263, 144
263, 145
263, 146
264, 147
264, 148
264, 149
264, 150
264, 151
265, 152
265, 153
265, 154
265, 155
265, 156
266, 157
266, 158
266, 159
266, 160
266, 161
267, 162
267, 163
267, 164
267, 165
267, 166
267, 167
268, 168
268, 169
268, 170
268, 171
268, 172
269, 173
269, 174
269, 175
269, 176
269, 177
270, 178
270, 179
270, 180
270, 181
270, 182
271, 183
271, 184
271, 185
271, 186
271, 187
272, 188
272, 189
272, 190
272, 191
272, 192
273, 193
273, 194
273, 195
273, 196
273, 197
274, 198
274, 199
274, 200
274, 201
274, 202
275, 203
275, 204
275, 205
275, 206
275, 207
276, 208
276, 209
276, 210
276, 211
276, 212
276, 213
277, 214
277, 215
277, 216
277, 217
277, 218
278, 219
278, 220
278, 221
278, 222
278, 223
279, 224
279, 225
279, 226
279, 227
279, 228
280, 229
280, 230
280, 231
280, 232
280, 233
281, 234
281, 235
281, 236
281, 237
281, 238
282, 239
282, 240
282, 241
282, 242
282, 243
283, 244
283, 245
283, 246
283, 247
283, 248
284, 249
284, 250
284, 251
284, 252
284, 253
284, 254
285, 255
285, 256
285, 257
285, 258
285, 259
286, 260
286, 261
286, 262
286, 263
286, 264
287, 265
287, 266
287, 267
287, 268
287, 269
288, 270
288, 271
288, 272
288, 273
288, 274
289, 275
289, 276
289, 277
289, 278
289, 279
290, 280
290, 281
290, 282
290, 283
290, 284
291, 285
291, 286
291, 287
291, 288
291, 289
292, 290
292, 291
292, 292
292, 293
292, 294
292, 295
293, 296
293, 297
293, 298
293, 299
293, 300
294, 301
294, 302
294, 303
294, 304
294, 305
295, 306
295, 307
295, 308
295, 309
295, 310
296, 311
296, 312
296, 313
296, 314
296, 315
297, 316
297, 317
297, 318
297, 319
297, 320
298, 321
298, 322
298, 323
298, 324
298, 325
299, 326
299, 327
299, 328
299, 329
299, 330
300, 331
300, 332
300, 333
300, 334
300, 335
301, 336
301, 337
301, 338
301, 339
301, 340
301, 341
302, 342
302, 343
302, 344
302, 345
302, 346
303, 347
303, 348
303, 349
303, 350
303, 351
304, 352
304, 353
304, 354
304, 355
304, 356
305, 357
305, 358
305, 359
305, 360
305, 361
306, 362
306, 363
306, 364
306, 365
306, 366
307, 367
307, 368
307, 369
307, 370
307, 371
308, 372
308, 373
308, 374
308, 375
308, 376
309, 377
309, 378
309, 379
309, 380
309, 381
309, 382
310, 383
310, 384
310, 385
310, 386
310, 387
311, 388
311, 389
311, 390
311, 391
311, 392
312, 393
312, 394
312, 395
312, 396
312, 397
313, 398
313, 399
313, 400
313, 400
313, 399
313, 398
313, 397
313, 396
313, 395
313, 394
313, 393
313, 392
313, 391
313, 390
313, 389
313, 388
313, 387
313, 386
313, 385
313, 384
313, 383
313, 382
313, 381
313, 380
313, 379
313, 378
313, 377
313, 376
313, 375
313, 374
313, 373
313, 372
313, 371
313, 370
313, 369
313, 368
313, 367
313, 366
313, 365
313, 364
313, 363
313, 362
313, 361
313, 360
313, 359
313, 358
313, 357
313, 356
313, 355
313, 354
313, 353
313, 352
313, 351
313, 350
313, 349
313, 348
313, 347
313, 346
313, 345
313, 344
313, 343
313, 342
313, 341
313, 340
313, 339
313, 338
313, 337
313, 336
313, 335
313, 334
313, 333
313, 332
313, 331
313, 330
313, 329
313, 328
313, 327
313, 326
313, 325
313, 324
313, 323
313, 322
313, 321
313, 320
313, 319
313, 318
313, 317
313, 316
313, 315
313, 314
313, 313
313, 312
313, 311
313, 310
313, 309
313, 308
313, 307
313, 306
313, 305
313, 304
313, 303
313, 302
313, 301
313, 300
313, 299
313, 298
313, 297
313, 296
313, 295
313, 294
313, 293
313, 292
313, 291
313, 290
313, 289
313, 288
313, 287
313, 286
313, 285
313, 284
313, 283
313, 282
313, 281
313, 280
313, 279
313, 278
313, 277
313, 276
313, 275
313, 274
313, 273
313, 272
313, 271
313, 270
313, 269
313, 268
313, 267
313, 266
313, 265
313, 264
313, 263
313, 262
313, 261
313, 260
313, 259
313, 258
313, 257
313, 256
313, 255
313, 254
313, 253
313, 252
313, 251
313, 250
313, 249
313, 248
313, 247
313, 246
313, 245
313, 244
313, 243
313, 242
313, 241
313, 240
313, 239
313, 238
313, 237
313, 236
313, 235
313, 234
313, 233
313, 232
313, 231
313, 230
313, 229
313, 228
313, 227
313, 226
313, 225
313, 224
313, 223
313, 222
313, 221
313, 220
313, 219
313, 218
313, 217
313, 216
313, 215
313, 214
313, 213
313, 212
313, 211
313, 210
313, 209
313, 208
313, 207
313, 206
313, 205
313, 204
313, 203
313, 202
313, 201
313, 200
313, 199
313, 198
313, 197
313, 196
313, 195
313, 194
313, 193
313, 192
313, 191
313, 190
313, 189
313, 188
313, 187
313, 186
313, 185
313, 184
313, 183
313, 182
313, 181
313, 180
313, 179
313, 178
313, 177
313, 176
313, 175
313, 174
313, 173
313, 172
313, 171
313, 170
313, 169
313, 168
313, 167
313, 166
313, 165
313, 164
313, 163
313, 162
313, 161
313, 160
313, 159
313, 158
313, 157
313, 156
313, 155
313, 154
313, 153
313, 152
313, 151
313, 150
313, 149
313, 148
313, 147
313, 146
313, 145
313, 144
313, 143
313, 142
313, 141
313, 140
313, 139
313, 138
313, 137
313, 136
313, 135
313, 134
313, 133
313, 132
313, 131
313, 130
313, 129
313, 128
313, 127
313, 126
313, 125
313, 124
313, 123
313, 122
313, 121
313, 120
313, 119
313, 118
313, 117
313, 116
313, 115
313, 114
313, 113
313, 112
313, 111
313, 110
313, 109
313, 108
313, 107
313, 106
313, 105
313, 104
313, 103
313, 102
313, 101
313, 101
312, 102
311, 103
310, 104
309, 104
308, 105
307, 106
306, 107
305, 108
304, 109
303, 110
302, 110
301, 111
300, 112
299, 113
298, 114
297, 115
296, 116
295, 116
294, 117
293, 118
292, 119
291, 120
290, 121
289, 122
288, 123
287, 123
286, 124
285, 125
284, 126
283, 127
282, 128
281, 129
280, 129
279, 130
278, 131
277, 132
276, 133
275, 134
274, 135
273, 135
272, 136
271, 137
270, 138
269, 139
268, 140
267, 141
266, 141
265, 142
264, 143
263, 144
263, 144
263, 145
263, 146
263, 147
263, 148
263, 149
263, 150
263, 151
263, 152
263, 153
263, 154
263, 155
263, 156
263, 157
263, 158
263, 159
263, 160
263, 161
263, 162
263, 163
263, 164
263, 165
263, 166
263, 167
263, 168
263, 169
263, 170
263, 171
263, 172
263, 173
263, 174
263, 175
263, 176
263, 177
263, 178
263, 179
263, 180
263, 181
263, 182
263, 183
263, 184
263, 185
263, 186
263, 187
263, 188
263, 189
263, 190
263, 191
263, 192
263, 193
263, 194
263, 195
263, 196
263, 197
263, 198
263, 199
263, 200
263, 201
263, 202
263, 203
263, 204
263, 205
263, 206
263, 207
263, 208
263, 209
263, 210
263, 211
263, 212
263, 213
263, 214
263, 215
263, 216
263, 217
263, 218
263, 219
263, 220
263, 221
263, 222
263, 223
263, 224
263, 225
263, 226
263, 227
263, 228
263, 229
263, 230
263, 231
263, 232
263, 233
263, 234
263, 235
263, 236
263, 237
263, 238
263, 239
263, 240
263, 241
263, 242
263, 243
263, 244
263, 245
263, 246
263, 247
263, 248
263, 249
263, 250
263, 251
263, 252
263, 253
263, 254
263, 255
263, 256
263, 257
263, 258
263, 259
263, 260
263, 261
263, 262
263, 263
263, 264
263, 265
263, 266
263, 267
263, 268
263, 269
263, 270
263, 271
263, 272
263, 273
263, 274
263, 275
263, 276
263, 277
263, 278
263, 279
263, 280
263, 281
263, 282
263, 283
263, 284
263, 285
263, 286
263, 287
263, 288
263, 289
263, 290
263, 291
263, 292
263, 293
263, 294
263, 295
263, 296
263, 297
263, 298
263, 299
263, 300
263, 301
263, 302
263, 303
263, 304
263, 305
263, 306
263, 307
263, 308
263, 309
263, 310
263, 311
263, 312
263, 313
263, 314
263, 315
263, 316
263, 317
263, 318
263, 319
263, 320
263, 321
263, 322
263, 323
263, 324
263, 325
263, 326
263, 327
263, 328
263, 329
263, 330
263, 331
263, 332
263, 333
263, 334
263, 335
263, 336
263, 337
263, 338
263, 339
263, 340
263, 341
263, 342
263, 343
263, 344
263, 345
263, 346
263, 347
263, 348
263, 349
263, 350
263, 351
263, 352
263, 353
263, 354
263, 355
263, 356
263, 357
263, 357
264, 358
265, 359
266, 360
267, 360
268, 361
269, 362
270, 363
271, 364
272, 365
273, 366
274, 366
275, 367
276, 368
277, 369
278, 370
279, 371
280, 372
281, 372
282, 373
283, 374
284, 375
285, 376
286, 377
287, 378
288, 379
289, 379
290, 380
291, 381
292, 382
293, 383
294, 384
295, 385
296, 385
297, 386
298, 387
299, 388
300, 389
301, 390
302, 391
303, 391
304, 392
305, 393
306, 394
307, 395
308, 396
309, 397
310, 397
311, 398
312, 399
313, 400
313, 400
313, 399
313, 398
312, 397
312, 396
312, 395
312, 394
312, 393
311, 392
311, 391
311, 390
311, 389
311, 388
310, 387
310, 386
310, 385
310, 384
310, 383
309, 382
309, 381
309, 380
309, 379
309, 378
309, 377
308, 376
308, 375
308, 374
308, 373
308, 372
307, 371
307, 370
307, 369
307, 368
307, 367
306, 366
306, 365
306, 364
306, 363
306, 362
305, 361
305, 360
305, 359
305, 358
305, 357
304, 356
304, 355
304, 354
304, 353
304, 352
303, 351
303, 350
303, 349
303, 348
303, 347
302, 346
302, 345
302, 344
302, 343
302, 342
301, 341
301, 340
301, 339
301, 338
301, 337
300, 336
300, 335
300, 334
300, 333
300, 332
300, 331
299, 330
299, 329
299, 328
299, 327
299, 326
298, 325
298, 324
298, 323
298, 322
298, 321
297, 320
297, 319
297, 318
297, 317
297, 316
296, 315
296, 314
296, 313
296, 312
296, 311
295, 310
295, 309
295, 308
295, 307
295, 306
294, 305
294, 304
294, 303
294, 302
294, 301
293, 300
293, 299
293, 298
293, 297
293, 296
292, 295
292, 294
292, 293
292, 292
292, 291
292, 290
291, 289
291, 288
291, 287
291, 286
291, 285
290, 284
290, 283
290, 282
290, 281
290, 280
289, 279
289, 278
289, 277
289, 276
289, 275
288, 274
288, 273
288, 272
288, 271
288, 270
287, 269
287, 268
287, 267
287, 266
287, 265
286, 264
286, 263
286, 262
286, 261
286, 260
285, 259
285, 258
285, 257
285, 256
285, 255
284, 254
284, 253
284, 252
284, 251
284, 250
284, 249
283, 248
283, 247
283, 246
283, 245
283, 244
282, 243
282, 242
282, 241
282, 240
282, 239
281, 238
281, 237
281, 236
281, 235
281, 234
280, 233
280, 232
280, 231
280, 230
280, 229
279, 228
279, 227
279, 226
279, 225
279, 224
278, 223
278, 222
278, 221
278, 220
278, 219
277, 218
277, 217
277, 216
277, 215
277, 214
276, 213
276, 212
276, 211
276, 210
276, 209
275, 208
275, 207
275, 206
275, 205
275, 204
275, 203
274, 202
274, 201
274, 200
274, 199
274, 198
273, 197
273, 196
273, 195
273, 194
273, 193
272, 192
272, 191
272, 190
272, 189
272, 188
271, 187
271, 186
271, 185
271, 184
271, 183
270, 182
270, 181
270, 180
270, 179
270, 178
269, 177
269, 176
269, 175
269, 174
269, 173
268, 172
268, 171
268, 170
268, 169
268, 168
267, 167
267, 166
267, 165
267, 164
267, 163
267, 162
266, 161
266, 160
266, 159
266, 158
266, 157
265, 156
265, 155
265, 154
265, 153
265, 152
264, 151
264, 150
264, 149
264, 148
264, 147
263, 146
263, 145
263, 144
206, 144
207, 144
208, 143
209, 143
210, 142
211, 142
212, 142
213, 141
214, 141
215, 140
216, 140
217, 140
218, 139
219, 139
220, 138
221, 138
222, 138
223, 137
224, 137
225, 136
226, 136
227, 136
228, 135
229, 135
230, 134
231, 134
232, 134
233, 133
234, 133
235, 132
236, 132
237, 132
238, 131
239, 131
240, 130
241, 130
242, 130
243, 129
244, 129
245, 128
246, 128
247, 128
248, 127
249, 127
250, 126
251, 126
252, 126
253, 125
254, 125
255, 124
256, 124
257, 124
258, 123
259, 123
260, 122
261, 122
262, 121
263, 121
264, 121
265, 120
266, 120
267, 119
268, 119
269, 119
270, 118
271, 118
272, 117
273, 117
274, 117
275, 116
276, 116
277, 115
278, 115
279, 115
280, 114
281, 114
282, 113
283, 113
284, 113
285, 112
286, 112
287, 111
288, 111
289, 111
290, 110
291, 110
292, 109
293, 109
294, 109
295, 108
296, 108
297, 107
298, 107
299, 107
300, 106
301, 106
302, 105
303, 105
304, 105
305, 104
306, 104
307, 103
308, 103
309, 103
310, 102
311, 102
312, 101
313, 101
313, 101
312, 101
311, 101
310, 101
309, 101
308, 101
307, 101
306, 101
305, 101
304, 101
303, 101
302, 101
301, 101
300, 101
299, 101
298, 101
297, 101
296, 101
295, 101
294, 101
293, 101
292, 101
291, 101
290, 101
289, 101
288, 101
287, 101
286, 101
285, 101
284, 101
283, 101
282, 101
281, 101
280, 101
279, 101
278, 101
277, 101
276, 101
275, 101
274, 101
273, 101
272, 101
271, 101
270, 101
269, 101
268, 101
267, 101
266, 101
265, 101
264, 101
263, 101
262, 101
261, 101
260, 101
259, 101
258, 101
257, 101
256, 101
255, 101
254, 101
253, 101
252, 101
251, 101
250, 101
249, 101
248, 101
247, 101
246, 101
245, 101
244, 101
243, 101
242, 101
241, 101
240, 101
239, 101
238, 101
237, 101
236, 101
235, 101
234, 101
233, 101
233, 101
232, 102
232, 103
231, 104
230, 105
230, 106
229, 107
229, 108
228, 109
227, 110
227, 111
226, 112
225, 113
225, 114
224, 115
224, 116
223, 117
222, 118
222, 119
221, 120
220, 121
220, 122
219, 123
219, 124
218, 125
217, 126
217, 127
216, 128
215, 129
215, 130
214, 131
214, 132
213, 133
212, 134
212, 135
211, 136
210, 137
210, 138
209, 139
209, 140
208, 141
207, 142
207, 143
206, 144
206, 144
207, 144
208, 144
209, 144
210, 144
211, 144
212, 144
213, 144
214, 144
215, 144
216, 144
217, 144
218, 144
219, 144
220, 144
221, 144
222, 144
223, 144
224, 144
225, 144
226, 144
227, 144
228, 144
229, 144
230, 144
231, 144
232, 144
233, 144
234, 144
235, 144
236, 144
237, 144
238, 144
239, 144
240, 144
241, 144
242, 144
243, 144
244, 144
245, 144
246, 144
247, 144
248, 144
249, 144
250, 144
251, 144
252, 144
253, 144
254, 144
255, 144
256, 144
257, 144
258, 144
259, 144
260, 144
261, 144
262, 144
263, 144
263, 144
264, 143
265, 142
266, 141
267, 141
268, 140
269, 139
270, 138
271, 137
272, 136
273, 135
274, 135
275, 134
276, 133
277, 132
278, 131
279, 130
280, 129
281, 129
282, 128
283, 127
284, 126
285, 125
286, 124
287, 123
288, 122
289, 122
290, 121
291, 120
292, 119
293, 118
294, 117
295, 116
296, 116
297, 115
298, 114
299, 113
300, 112
301, 111
302, 110
303, 110
304, 109
305, 108
306, 107
307, 106
308, 105
309, 104
310, 104
311, 103
312, 102
313, 101
313, 101
312, 101
311, 102
310, 102
309, 103
308, 103
307, 103
306, 104
305, 104
304, 105
303, 105
302, 105
301, 106
300, 106
299, 107
298, 107
297, 107
296, 108
295, 108
294, 109
293, 109
292, 109
291, 110
290, 110
289, 111
288, 111
287, 111
286, 112
285, 112
284, 113
283, 113
282, 113
281, 114
280, 114
279, 115
278, 115
277, 115
276, 116
275, 116
274, 117
273, 117
272, 117
271, 118
270, 118
269, 119
268, 119
267, 119
266, 120
265, 120
264, 121
263, 121
262, 121
261, 122
260, 122
259, 123
258, 123
257, 124
256, 124
255, 124
254, 125
253, 125
252, 126
251, 126
250, 126
249, 127
248, 127
247, 128
246, 128
245, 128
244, 129
243, 129
242, 130
241, 130
240, 130
239, 131
238, 131
237, 132
236, 132
235, 132
234, 133
233, 133
232, 134
231, 134
230, 134
229, 135
228, 135
227, 136
226, 136
225, 136
224, 137
223, 137
222, 138
221, 138
220, 138
219, 139
218, 139
217, 140
216, 140
215, 140
214, 141
213, 141
212, 142
211, 142
210, 142
209, 143
208, 143
207, 144
206, 144
206, 357
207, 357
208, 358
209, 358
210, 359
211, 359
212, 359
213, 360
214, 360
215, 361
216, 361
217, 361
218, 362
219, 362
220, 363
221, 363
222, 363
223, 364
224, 364
225, 365
226, 365
227, 365
228, 366
229, 366
230, 367
231, 367
232, 367
233, 368
234, 368
235, 369
236, 369
237, 369
238, 370
239, 370
240, 371
241, 371
242, 371
243, 372
244, 372
245, 373
246, 373
247, 373
248, 374
249, 374
250, 375
251, 375
252, 375
253, 376
254, 376
255, 377
256, 377
257, 377
258, 378
259, 378
260, 379
261, 379
262, 380
263, 380
264, 380
265, 381
266, 381
267, 382
268, 382
269, 382
270, 383
271, 383
272, 384
273, 384
274, 384
275, 385
276, 385
277, 386
278, 386
279, 386
280, 387
281, 387
282, 388
283, 388
284, 388
285, 389
286, 389
287, 390
288, 390
289, 390
290, 391
291, 391
292, 392
293, 392
294, 392
295, 393
296, 393
297, 394
298, 394
299, 394
300, 395
301, 395
302, 396
303, 396
304, 396
305, 397
306, 397
307, 398
308, 398
309, 398
310, 399
311, 399
312, 400
313, 400
313, 400
312, 399
311, 398
310, 397
309, 397
308, 396
307, 395
306, 394
305, 393
304, 392
303, 391
302, 391
301, 390
300, 389
299, 388
298, 387
297, 386
296, 385
295, 385
294, 384
293, 383
292, 382
291, 381
290, 380
289, 379
288, 378
287, 378
286, 377
285, 376
284, 375
283, 374
282, 373
281, 372
280, 372
279, 371
278, 370
277, 369
276, 368
275, 367
274, 366
273, 366
272, 365
271, 364
270, 363
269, 362
268, 361
267, 360
266, 360
265, 359
264, 358
263, 357
263, 357
262, 357
261, 357
260, 357
259, 357
258, 357
257, 357
256, 357
255, 357
254, 357
253, 357
252, 357
251, 357
250, 357
249, 357
248, 357
247, 357
246, 357
245, 357
244, 357
243, 357
242, 357
241, 357
240, 357
239, 357
238, 357
237, 357
236, 357
235, 357
234, 357
233, 357
232, 357
231, 357
230, 357
229, 357
228, 357
227, 357
226, 357
225, 357
224, 357
223, 357
222, 357
221, 357
220, 357
219, 357
218, 357
217, 357
216, 357
215, 357
214, 357
213, 357
212, 357
211, 357
210, 357
209, 357
208, 357
207, 357
206, 357
206, 357
207, 358
207, 359
208, 360
209, 361
209, 362
210, 363
210, 364
211, 365
212, 366
212, 367
213, 368
214, 369
214, 370
215, 371
215, 372
216, 373
217, 374
217, 375
218, 376
219, 377
219, 378
220, 379
220, 380
221, 381
222, 382
222, 383
223, 384
224, 385
224, 386
225, 387
225, 388
226, 389
227, 390
227, 391
228, 392
229, 393
229, 394
230, 395
230, 396
231, 397
232, 398
232, 399
233, 400
233, 400
234, 400
235, 400
236, 400
237, 400
238, 400
239, 400
240, 400
241, 400
242, 400
243, 400
244, 400
245, 400
246, 400
247, 400
248, 400
249, 400
250, 400
251, 400
252, 400
253, 400
254, 400
255, 400
256, 400
257, 400
258, 400
259, 400
260, 400
261, 400
262, 400
263, 400
264, 400
265, 400
266, 400
267, 400
268, 400
269, 400
270, 400
271, 400
272, 400
273, 400
274, 400
275, 400
276, 400
277, 400
278, 400
279, 400
280, 400
281, 400
282, 400
283, 400
284, 400
285, 400
286, 400
287, 400
288, 400
289, 400
290, 400
291, 400
292, 400
293, 400
294, 400
295, 400
296, 400
297, 400
298, 400
299, 400
300, 400
301, 400
302, 400
303, 400
304, 400
305, 400
306, 400
307, 400
308, 400
309, 400
310, 400
311, 400
312, 400
313, 400
313, 400
312, 400
311, 399
310, 399
309, 398
308, 398
307, 398
306, 397
305, 397
304, 396
303, 396
302, 396
301, 395
300, 395
299, 394
298, 394
297, 394
296, 393
295, 393
294, 392
293, 392
292, 392
291, 391
290, 391
289, 390
288, 390
287, 390
286, 389
285, 389
284, 388
283, 388
282, 388
281, 387
280, 387
279, 386
278, 386
277, 386
276, 385
275, 385
274, 384
273, 384
272, 384
271, 383
270, 383
269, 382
268, 382
267, 382
266, 381
265, 381
264, 380
263, 380
262, 380
261, 379
260, 379
259, 378
258, 378
257, 377
256, 377
255, 377
254, 376
253, 376
252, 375
251, 375
250, 375
249, 374
248, 374
247, 373
246, 373
245, 373
244, 372
243, 372
242, 371
241, 371
240, 371
239, 370
238, 370
237, 369
236, 369
235, 369
234, 368
233, 368
232, 367
231, 367
230, 367
229, 366
228, 366
227, 365
226, 365
225, 365
224, 364
223, 364
222, 363
221, 363
220, 363
219, 362
218, 362
217, 361
216, 361
215, 361
214, 360
213, 360
212, 359
211, 359
210, 359
209, 358
208, 358
207, 357
206, 357
